34573
34575
34532
34556
34471
34528
34514
34531
34548
34086
34571
34426
34489
34570
34397
34446
34555
34552
34553
34545
34554
34412
34458
34399
34568
34525
34111
34295
34518
34462
34461
34417
34516
34517
34389
34519
34347
34529
34473
34424
34503
34492
34527
34474
34365
34128
34524
34453
34515
34544
34537
34543
34468
34507
34323
34454
34333
34429
34498
34499
34480
34493
34460
34448
34508
34501
34435
34432
34497
34375
34253
34457
32399
34496
34494
33980
34404
34442
34342
34491
34490
34512
34523
33542
33106
33669
34082
33815
34436
34445
34390
34348
31721
32018
32026
32019
32017
32213
34455
34478
34388
34483
34469
33996
34479
33996
34383
34356
34294
34288
34243
34434
34384
33852
32415
34280
34371
34358
33844
30615
33885
34459
34218
34472
34411
34470
34182
34443
34106
34402
34197
34378
34406
34425
34447
34157
34159
34309
34287
34396
34268
34413
34379
34036
34224
34331
34355
34359
34408
33861
34403
34289
34363
34191
34236
34377
34330
34219
34391
34279
34409
34292
34329
34336
34248
34009
34251
34314
34203
34345
34238
34349
34344
33757
34401
34257
34239
34237
34296
34372
34374
34129
34126
34373
34234
34233
34068
34098
34251
34341
34090
33134
34190
34241
34302
34320
34194
34207
34263
34232
34321
34304
34303
34276
34305
34265
34266
34306
34360
34117
34228
34145
34047
34322
34271
34275
34260
33990
33992
33675
33799
34052
33662
34023
34008
34189
34227
34108
34042
34204
34184
33308
34272
34198
34049
34196
34199
34212
33817
33165
33865
33866
34262
34256
34319
34089
34205
34273
34216
34162
33859
31999
34264
33508
33872
34220
34069
34235
34208
34142
33839
34141
34084
33955
34195
34032
33989
34148
34176
33402
32700
32792
33745
32271
32128
32020
32531
33498
32364
31391
31065
32857
33217
31879
33982
32383
33575
32343
31596
33660
31586
33816
32711
33121
34112
32247
33809
34062
33046
33451
31790
31931
32402
31808
31425
32810
32430
33854
32319
32365
33801
33014
33537
33300
31898
32842
33729
32037
33972
31382
33748
22594
34138
33884
32712
31541
31750
31838
33036
32042
32863
32226
31874
32603
32766
33171
33168
32179
32165
31968
32451
31993
33717
32206
32419
31503
32767
34021
33900
32418
30946
34002
31446
31809
31813
32309
32625
32315
32769
33286
34060
34109
33514
33954
32373
32022
32870
33238
32520
32145
33446
33556
31875
33738
34017
32826
31916
32770
31519
33175
32216
31564
32185
33347
33716
33950
33673
34096
32416
33610
33961
33288
33590
30424
33849
33962
30696
33907
31266
33131
31241
32376
31958
34088
32045
32242
32781
31508
31867
31758
33597
32273
31361
33484
34057
32379
32537
33247
33253
32825
31769
33951
33357
33245
31819
32871
34053
31929
33786
30880
33246
32398
33615
30427
33309
32839
33050
33116
33680
34146
34097
31736
34016
32618
32465
31513
33911
33213
29937
32532
33752
33176
20585
32534
31518
32853
32574
33618
33174
32855
31832
33291
32366
31817
33714
33442
31822
32413
31905
33837
32551
34118
32367
33186
33683
32288
33327
31826
31538
31771
31814
33212
32389
31458
33966
31859
32874
33015
31592
33841
31589
31871
32297
32252
33467
32049
31429
33672
33423
33221
32742
31452
32626
32129
33699
33025
32587
34059
31459
33220
33062
32535
33658
31540
34026
31278
33365
34038
32546
32440
32302
33414
33407
32375
32032
31816
31766
33254
31775
31829
32261
32058
34147
33028
32251
33759
33957
32799
31906
22159
32456
31559
33452
30922
33691
33161
33351
33493
33287
33599
32473
31546
30926
33336
33850
31928
31705
32613
32834
32512
31317
34092
33847
32479
32843
33692
31547
32310
33659
33481
32868
31862
32015
31717
31755
32446
31894
31869
33685
32614
32241
33975
31548
33023
33718
33065
32862
34130
32828
31556
32433
32189
32282
31515
34067
31998
31818
31337
33743
32877
32860
32146
31735
32287
33355
32469
33569
32036
32197
31780
31493
32245
33329
32543
33235
33834
32869
32460
31810
30907
33132
31751
31567
31904
28867
33979
31514
33097
31058
33526
32811
33204
32193
32488
32480
31561
34011
34160
32439
32244
33022
33475
32427
32895
33899
31549
33676
31286
31927
33419
33237
33259
32240
32401
33426
33796
32131
33863
33298
32676
33243
32044
33201
32303
31997
32528
32041
33681
32169
32337
32536
31262
31975
32441
32806
32576
31774
31441
33157
31877
33162
31566
33250
31539
33918
33749
31857
32695
31815
32610
32040
32289
32854
32357
32403
33403
33892
32035
31439
33964
33157
32890
31991
34039
33565
33184
33504
31504
33686
31423
33993
32722
31118
31552
33318
33465
31411
33554
32554
33297
31962
33032
32368
32798
33368
32132
22942
33268
33733
32422
32260
33619
33476
31487
33798
33335
33664
32195
33782
32435
34022
33510
32856
32190
33137
31520
33352
33277
33802
31419
33520
32025
32481
33207
31954
33853
33946
32486
32196
33632
33501
33573
32168
32821
33416
33222
33646
31551
32464
31855
33228
32777
33960
32421
32529
32254
33003
33978
33971
34027
33229
32377
31728
32838
31844
34081
31856
32154
32438
31726
32052
31772
32822
33004
33192
33406
33059
31285
32305
33427
31706
32211
31779
32883
31953
33711
33302
32717
31467
32859
32763
31430
33125
31577
33150
32693
32031
33991
33185
31966
32477
34012
32209
34115
34031
33698
33428
33273
31334
33944
33363
33507
31562
33917
33580
34217
32697
33109
32539
34083
32577
32426
34034
31585
32208
32264
31890
32263
28180
33886
31479
33637
32588
32453
33078
32556
33061
31945
31340
33474
30930
32873
32713
32134
32885
31584
32788
32844
33356
34143
33968
32522
32814
32760
33486
32332
32290
33488
32029
33017
31868
32586
33490
33282
31858
32225
31830
31450
32221
33572
33553
33024
33054
31981
33995
32505
33294
33589
32830
32002
33208
33095
33906
31555
32420
33586
32701
33969
32323
33913
31955
33579
33439
31994
33146
31354
32393
33027
33350
31387
31468
32795
33846
32311
32519
32575
33139
31804
32277
31117
31891
30435
33740
33742
31957
32191
32538
32555
33145
30425
31550
33244
32150
33818
33057
31386
33540
32527
31385
32776
34015
32210
30569
33063
33935
33478
33441
33007
33797
32434
31124
32428
30037
32887
32467
33241
33976
30061
32721
33440
32581
33671
32840
31915
32459
31527
33322
31811
33320
32392
32533
31119
31926
32151
31974
31978
33316
32137
30426
31824
32468
32896
33503
32186
33086
32454
32815
31466
33262
32207
33773
33330
31227
32127
31763
31893
32291
32130
32431
30859
33800
32021
33726
32238
33910
32470
33541
32316
31433
33781
33085
33713
32812
33902
31963
33519
33771
31418
33045
32133
32891
32521
34116
33112
33011
32841
30246
32363
31892
33420
32270
31389
34071
32027
32356
34010
32600
33755
33663
33509
22139
32786
31996
33472
34018
31930
33787
32304
33429
32666
34041
32259
33965
32280
33364
33753
33108
33293
32339
31360
33107
34123
33021
32246
32457
34075
33455
33555
33747
33760
32397
33187
32372
33079
33623
33981
33527
34024
31724
33598
32474
32176
33661
33611
31355
34178
32784
31525
33345
33008
31795
31389
33948
32194
31840
33789
33216
33126
32782
33115
32424
31449
32215
31841
32396
32818
33096
31436
31768
32256
33937
31797
34058
31992
33138
32314
32157
31896
33883
33462
33928
32269
33923
31828
33889
34045
31734
33653
32752
33496
33100
32161
32458
33674
32783
33775
33603
33638
33790
30429
33334
34155
33927
31835
31575
33319
32374
33182
32882
32694
30585
31746
34100
31563
32616
31872
32835
31950
32665
33058
32549
31501
33290
33622
33855
31704
31569
32768
31590
33133
33424
33348
33715
33851
33891
31324
33151
33873
31870
32292
33776
33367
34061
32188
33236
33512
32612
32178
32382
33582
31903
33994
34073
34144
33404
33838
34003
31956
33687
32846
33719
31767
31579
31959
31301
33466
31358
33494
32878
32276
31977
33422
32014
32253
32220
31707
33819
33200
32243
32455
32016
33324
33284
33191
34074
33856
32723
31923
32718
32677
33882
34114
32622
33166
31990
33005
33947
33071
32047
33295
33932
33985
32217
33124
33405
31876
31823
33346
32048
33197
31722
33840
33013
30693
31713
33591
33645
33006
32667
32872
31528
31821
33453
31522
32785
33581
31948
32139
33697
32250
33438
31578
34035
33141
33871
30048
32039
32705
31314
33791
32504
33570
32875
33360
33315
33538
33754
32892
33956
32358
32141
34013
31944
33525
32028
32621
33756
33919
33219
32400
33970
33777
31489
33735
33127
31412
32187
32205
27653
32257
32696
33362
33656
33558
33019
33224
33617
31448
32444
33543
33482
32658
33129
32787
32445
33867
32641
32640
32617
33904
31393
33064
33183
32562
32177
32475
33135
31422
33102
33788
32003
31714
31989
31907
33912
33684
31833
32450
31791
33988
33436
25759
32702
32540
33515
31764
32558
32038
33012
34040
33983
