34506
34154
34456
34079
34560
34231
34562
34542
34247
34538
34464
33325
34165
34414
34559
34558
34520
33939
34541
34465
33506
34534
34423
34522
34521
34449
33354
34246
34007
33922
34158
34051
34255
27570
34291
34325
34091
34450
34466
33328
33987
34420
34078
34156
34044
32328
34380
34258
33723
33727
33722
30538
30519
33258
34105
33712
33703
34308
33862
30874
33925
33018
28631
32203
28990
33587
32412
33774
28338
32867
30914
32411
30659
28996
30900
33344
31911
33218
33349
32664
32550
31296
33234
30417
31347
33311
28178
31571
33707
29680
30841
32007
33778
29757
30830
31800
31071
30999
33068
33369
30855
30879
30309
32866
33313
31560
30645
32023
27236
28761
31264
33341
34177
33073
32369
33239
33934
31831
33721
31352
33984
31983
29958
27274
30372
32889
28354
30511
31407
33084
33949
27611
30564
32845
32865
33188
30845
33359
29688
32414
28102
30520
32659
31531
31537
31353
27905
32334
29535
30579
31108
30479
33075
30174
29275
31331
33010
31045
30491
30826
25902
32884
33314
33076
30878
31233
29003
31375
31461
31938
31362
32476
33499
